[gd_scene load_steps=8 format=3 uid="uid://coqv5flg782mg"]

[ext_resource type="Script" path="res://scenes/main/main.gd" id="1_yss2u"]
[ext_resource type="Shader" path="res://renderer/renderer.gdshader" id="3_4yvvm"]
[ext_resource type="Script" path="res://scenes/main/player.gd" id="3_rtqen"]

[sub_resource type="Gradient" id="Gradient_85xvs"]
offsets = PackedFloat32Array(0.00414938, 1)
colors = PackedColorArray(0.637843, 0.637843, 0.637843, 1, 1, 1, 1, 1)

[sub_resource type="GradientTexture1D" id="GradientTexture1D_ifj47"]
gradient = SubResource("Gradient_85xvs")

[sub_resource type="ShaderMaterial" id="ShaderMaterial_pfrgc"]
render_priority = 0
shader = ExtResource("3_4yvvm")
shader_parameter/light1_position = Vector3(1.3, 1.6, -1)
shader_parameter/light2_position = Vector3(-1.3, -1.6, 1)
shader_parameter/light1_color = Color(1, 1, 1, 1)
shader_parameter/light2_color = Color(0, 0.544879, 0.929413, 1)
shader_parameter/iterations = 12
shader_parameter/max_steps = 100
shader_parameter/ambient_light = 2.02
shader_parameter/max_distance = 10.0
shader_parameter/surface_distance = 1e-05
shader_parameter/raystep_multiplier = 1.0
shader_parameter/palette = SubResource("GradientTexture1D_ifj47")
shader_parameter/color = null
shader_parameter/size = 1.0
shader_parameter/power = 6.0
shader_parameter/escape_radius = 2.0
shader_parameter/z_constant = Vector3(1, 0.455, 1)
shader_parameter/c_constant = Vector3(0, 0, 0)
shader_parameter/is_c_dynamic = true
shader_parameter/is_z_dynamic = true
shader_parameter/zabs = true
shader_parameter/ao_steps = 6
shader_parameter/ao_radius = 0.037
shader_parameter/vignette_strength = 0.7
shader_parameter/vignette_radius = 0.8
shader_parameter/jitter_steps = 1
shader_parameter/jitter_offset_base = Vector2(0, 0)
shader_parameter/frame_offset = Vector2(0, 0)

[sub_resource type="BoxMesh" id="BoxMesh_bajpv"]
size = Vector3(4000, 4000, -4000)

[node name="Main" type="Node3D"]
script = ExtResource("1_yss2u")
rotate_speed = 0.0

[node name="GpuFractal" type="MeshInstance3D" parent="."]
transform = Transform3D(0.754512, 0.589958, -0.287508, 0.559278, -0.807224, -0.188672, -0.343392, -0.0184417, -0.939011, 0.0212185, -0.189857, 0.338328)
material_override = SubResource("ShaderMaterial_pfrgc")
mesh = SubResource("BoxMesh_bajpv")

[node name="Player" type="CharacterBody3D" parent="."]
transform = Transform3D(0.344444, 0.334876, -0.87705, 0, 0.934217, 0.356703, 0.938806, -0.122864, 0.321785, -1.94235, 0.440528, 1.57225)
script = ExtResource("3_rtqen")

[node name="Head" type="Node3D" parent="Player"]

[node name="Camera" type="Camera3D" parent="Player/Head"]
transform = Transform3D(0.410705, 0.250622, 0.876652, 0.325231, 0.857967, -0.39765, -0.851792, 0.448431, 0.270861, 0.629779, 0.13678, -1.8759)

[node name="WorldEnvironment" type="WorldEnvironment" parent="."]
